1111111111_1111111111_1111111111_1111111111_1111111111_1111111111_1111111111_1111111111_1111111111_1111111111_1111111111_1111111110  120 bits
111111111111111111111111111111111111111111111111111111111111111111111111111111111111111111111111111111111111111111111110

1111111111_1111111111_1111111111_1111111111_11110 45 bits
111111111111111111111111111111111111111111110

000000000000000000000000000000000000000000000000000000000000000000000000000000000000000000000000000000000000000000000000000000000000000000000000000000000000000000000000000000000000000000000000000000000000000000000000000000000000000000000000111111111111111111111111111111111111111111111111111111111111111111111111111111111111111111111111111111111111111111111110

000000000000000000000000000000000000000000000000000000000000000000000000000000000000000000111111111111111111111111111111111111111111110

000000000000000000000000000000000000000000000000000000000000000000000000000000000000000000000000000000000000000000000000111100011111000111110001111100011111000111110001111100011111000111110001111100011111000111110001111100011111000111110001000000000000000000000000000000000000000000000000000000000000000000000000000000000000000000000000000000000000000000000000

000000000000000000000000000000000000000000000000000000000000000000000000000000000000000000000000000000000000000000000000111111111111111111111111111111111111111111111111111111111111111111111111111111111111111111111111111111111111111111111110111111111111111111111111111111111111111111111111111111111111111111111111111111111111111111111111111111111111111111111110

000000000000000000000000000000000000000000000000000000000000000000000000000000000000000000000000000000000000000000000000111111111111111111111111111111111111111111111111111111111111111111111111111111111111111111111111111111111111111111111110111111111111111111111111111111111111111111111111111111111111111111111111111111111111111111111111111111111111111111111110

000000000000000000000000000000000000000000000000000000000000000000000000000000000000000000000000000000000000000000000000111111111111111111111111111111111111111111111111111111111111111111111111111111111111111111111111111111111111111111111110111111111111111111111111111111111111111111111111111111111111111111111111111111111111111111111111111111111111111111111110

011111111111111111111111111111111111111111111111111111111111111111111111111111111111111111111111111111111111111111111001

011111111111111111111111111111111111111111010

000000000000000000000000000000000000000000000111111111111111111111111111111111111111111110111111111111111111111111111111111111111111110

011111111111111111111111111111111111111111111111111111111111111111111111111111111111111111111111111111111111111111111001111111111111111111111111111111111111111111111111111111111111111111111111111111111111111111111111111111111111111111111110111111111111111111111111111111111111111111111111111111111111111111111111111111111111111111111111111111111111111111111110

011111111111111111111111111111111111111111010111111111111111111111111111111111111111111110111111111111111111111111111111111111111111110